
==========================================================================================================================================================================
DEALEROS RND TEMPORAL ROBUSTNESS TEST
==========================================================================================================================================================================
Snapshots            : 10
Fit range            : +/- 500.0
Grid step            : 5.0
Cross-validation     : 5 folds
Methods              : SPLINE_1e-3, SPLINE_2e-3, SPLINE_3e-3, SPLINE_4e-3, SPLINE_5e-3, SPLINE_7e-3, SPLINE_1e-2

==========================================================================================================================================================================
PER-SNAPSHOT RESULTS
==========================================================================================================================================================================
API TIME                  SPOT    T HRS    RATE%   OBS        METHOD    CV RMSE     CV MAE   BAD F   MONO    NEG       AREA   MEAN-FWD      MEDIAN      MODE       STD
--------------------------------------------------------------------------------------------------------------------------------------------------------------------------
2026-08-10T15:33:59  29642.795  11.9996   5.3011   116   SPLINE_1e-3   0.083267   0.053855       0      0      0   0.992550     1.5615  29648.8271   29640.0  139.7868
2026-08-10T15:33:59  29642.795  11.9996   5.3011   116   SPLINE_2e-3   0.088389   0.059498       0      0      0   0.992369     1.5807  29649.2189   29645.0  139.7692
2026-08-10T15:33:59  29642.795  11.9996   5.3011   116   SPLINE_3e-3   0.094221   0.064782       0      0      0   0.992269     1.5847  29649.3786   29650.0  139.8015
2026-08-10T15:33:59  29642.795  11.9996   5.3011   116   SPLINE_4e-3   0.100537   0.070190       0      0      0   0.992203     1.5845  29649.4585   29650.0  139.8550
2026-08-10T15:33:59  29642.795  11.9996   5.3011   116   SPLINE_5e-3   0.107172   0.076018       0      0      0   0.992156     1.5827  29649.5004   29650.0  139.9205
2026-08-10T15:33:59  29642.795  11.9996   5.3011   116   SPLINE_7e-3   0.121036   0.088168       0      0      0   0.992096     1.5776  29649.5302   29655.0  140.0722
2026-08-10T15:33:59  29642.795  11.9996   5.3011   116   SPLINE_1e-2   0.142675   0.106136       0      0      0   0.992052     1.5690  29649.5185   29655.0  140.3263
--------------------------------------------------------------------------------------------------------------------------------------------------------------------------
2026-08-10T15:49:18  29694.604  12.0005   5.3055   118   SPLINE_1e-3   0.100246   0.063288       0      0      0   0.994138     1.2400  29704.3379   29720.0  131.9954
2026-08-10T15:49:18  29694.604  12.0005   5.3055   118   SPLINE_2e-3   0.109004   0.071468       0      0      0   0.993993     1.2378  29703.5351   29720.0  131.9955
2026-08-10T15:49:18  29694.604  12.0005   5.3055   118   SPLINE_3e-3   0.116669   0.078628       0      0      0   0.993906     1.2402  29703.1246   29715.0  132.0348
2026-08-10T15:49:18  29694.604  12.0005   5.3055   118   SPLINE_4e-3   0.124154   0.085897       0      0      0   0.993845     1.2427  29702.8541   29715.0  132.0924
2026-08-10T15:49:18  29694.604  12.0005   5.3055   118   SPLINE_5e-3   0.131651   0.092991       0      0      0   0.993799     1.2446  29702.6536   29715.0  132.1610
2026-08-10T15:49:18  29694.604  12.0005   5.3055   118   SPLINE_7e-3   0.146842   0.107266       0      0      0   0.993736     1.2465  29702.3637   29710.0  132.3185
2026-08-10T15:49:18  29694.604  12.0005   5.3055   118   SPLINE_1e-2   0.170110   0.127576       0      0      0   0.993683     1.2462  29702.0682   29710.0  132.5827
--------------------------------------------------------------------------------------------------------------------------------------------------------------------------
2026-08-10T16:04:15  29739.797  11.9993   5.3020   117   SPLINE_1e-3   0.096668   0.068580       0      0      0   0.995507     0.9908  29747.2046   29760.0  125.8938
2026-08-10T16:04:15  29739.797  11.9993   5.3020   117   SPLINE_2e-3   0.104250   0.072014       0      0      0   0.995313     0.9617  29746.6679   29755.0  125.8778
2026-08-10T16:04:15  29739.797  11.9993   5.3020   117   SPLINE_3e-3   0.110414   0.074391       0      0      0   0.995209     0.9458  29746.4161   29755.0  125.9182
2026-08-10T16:04:15  29739.797  11.9993   5.3020   117   SPLINE_4e-3   0.116457   0.077664       0      0      0   0.995142     0.9349  29746.2572   29755.0  125.9826
2026-08-10T16:04:15  29739.797  11.9993   5.3020   117   SPLINE_5e-3   0.122725   0.081255       0      0      0   0.995095     0.9264  29746.1416   29755.0  126.0602
2026-08-10T16:04:15  29739.797  11.9993   5.3020   117   SPLINE_7e-3   0.136204   0.090418       0      0      0   0.995034     0.9131  29745.9740   29755.0  126.2373
2026-08-10T16:04:15  29739.797  11.9993   5.3020   117   SPLINE_1e-2   0.158446   0.106939       0      0      0   0.994987     0.8979  29745.7985   29750.0  126.5302
--------------------------------------------------------------------------------------------------------------------------------------------------------------------------
2026-08-10T17:30:15  29676.979  11.9991   5.3030   118   SPLINE_1e-3   0.426541   0.255231       0      0      0   0.997344     0.3298  29678.7258   29650.0  116.5262
2026-08-10T17:30:15  29676.979  11.9991   5.3030   118   SPLINE_2e-3   0.440252   0.267128       0      0      0   0.997289     0.3801  29680.2597   29660.0  116.4541
2026-08-10T17:30:15  29676.979  11.9991   5.3030   118   SPLINE_3e-3   0.448789   0.277926       0      0      0   0.997239     0.4048  29680.7796   29670.0  116.4328
2026-08-10T17:30:15  29676.979  11.9991   5.3030   118   SPLINE_4e-3   0.455548   0.287924       0      0      0   0.997191     0.4189  29681.0234   29670.0  116.4376
2026-08-10T17:30:15  29676.979  11.9991   5.3030   118   SPLINE_5e-3   0.461441   0.297306       0      0      0   0.997148     0.4277  29681.1559   29675.0  116.4608
2026-08-10T17:30:15  29676.979  11.9991   5.3030   118   SPLINE_7e-3   0.471910   0.314930       0      0      0   0.997075     0.4373  29681.2809   29680.0  116.5460
2026-08-10T17:30:15  29676.979  11.9991   5.3030   118   SPLINE_1e-2   0.486151   0.338247       0      0      0   0.996995     0.4427  29681.3366   29680.0  116.7361
--------------------------------------------------------------------------------------------------------------------------------------------------------------------------
2026-08-10T17:45:33  29649.488  12.0007   5.3091   116   SPLINE_1e-3   0.483744   0.312945       0      0      0   0.997118     0.6416  29645.7171   29615.0  118.0744
2026-08-10T17:45:33  29649.488  12.0007   5.3091   116   SPLINE_2e-3   0.508832   0.335382       0      0      0   0.997092     0.6329  29648.8238   29620.0  117.9871
2026-08-10T17:45:33  29649.488  12.0007   5.3091   116   SPLINE_3e-3   0.523697   0.351477       0      0      0   0.997058     0.6200  29650.1080   29625.0  117.9549
2026-08-10T17:45:33  29649.488  12.0007   5.3091   116   SPLINE_4e-3   0.534697   0.363957       0      0      0   0.997019     0.6082  29650.8329   29630.0  117.9508
2026-08-10T17:45:33  29649.488  12.0007   5.3091   116   SPLINE_5e-3   0.543663   0.374845       0      0      0   0.996982     0.5981  29651.2983   29635.0  117.9665
2026-08-10T17:45:33  29649.488  12.0007   5.3091   116   SPLINE_7e-3   0.558239   0.396911       0      0      0   0.996917     0.5821  29651.8637   29640.0  118.0401
2026-08-10T17:45:33  29649.488  12.0007   5.3091   116   SPLINE_1e-2   0.575817   0.425507       0      0      0   0.996846     0.5647  29652.3128   29645.0  118.2185
--------------------------------------------------------------------------------------------------------------------------------------------------------------------------
2026-08-10T18:00:30  29649.400  12.0011   5.2928   116   SPLINE_1e-3   0.489998   0.325535       0      0      0   0.997490     0.5728  29641.9370   29615.0  117.1874
2026-08-10T18:00:30  29649.400  12.0011   5.2928   116   SPLINE_2e-3   0.524998   0.357590       0      0      0   0.997418     0.5781  29645.7843   29620.0  117.0543
2026-08-10T18:00:30  29649.400  12.0011   5.2928   116   SPLINE_3e-3   0.545366   0.378245       0      0      0   0.997363     0.5641  29647.5589   29625.0  116.9954
2026-08-10T18:00:30  29649.400  12.0011   5.2928   116   SPLINE_4e-3   0.559976   0.394804       0      0      0   0.997313     0.5485  29648.5964   29625.0  116.9727
2026-08-10T18:00:30  29649.400  12.0011   5.2928   116   SPLINE_5e-3   0.571505   0.408445       0      0      0   0.997268     0.5346  29649.2863   29630.0  116.9745
2026-08-10T18:00:30  29649.400  12.0011   5.2928   116   SPLINE_7e-3   0.589444   0.431825       0      0      0   0.997193     0.5125  29650.1562   29635.0  117.0281
2026-08-10T18:00:30  29649.400  12.0011   5.2928   116   SPLINE_1e-2   0.609769   0.459411       0      0      0   0.997115     0.4892  29650.8823   29640.0  117.1868
--------------------------------------------------------------------------------------------------------------------------------------------------------------------------
2026-08-10T18:17:36  29635.559  12.0003   5.3000   115   SPLINE_1e-3   0.465443   0.321579       0      0      0   0.997817     0.6066  29630.7568   29575.0  118.0593
2026-08-10T18:17:36  29635.559  12.0003   5.3000   115   SPLINE_2e-3   0.504299   0.363121       0      0      0   0.997785     0.5281  29633.5491   29585.0  117.8373
2026-08-10T18:17:36  29635.559  12.0003   5.3000   115   SPLINE_3e-3   0.529548   0.392669       0      0      0   0.997735     0.4827  29634.7989   29595.0  117.6995
2026-08-10T18:17:36  29635.559  12.0003   5.3000   115   SPLINE_4e-3   0.548773   0.415359       0      0      0   0.997677     0.4516  29635.5394   29605.0  117.6080
2026-08-10T18:17:36  29635.559  12.0003   5.3000   115   SPLINE_5e-3   0.564459   0.435655       0      0      0   0.997622     0.4288  29636.0354   29615.0  117.5501
2026-08-10T18:17:36  29635.559  12.0003   5.3000   115   SPLINE_7e-3   0.589323   0.470054       0      0      0   0.997527     0.3973  29636.6648   29625.0  117.5060
2026-08-10T18:17:36  29635.559  12.0003   5.3000   115   SPLINE_1e-2   0.617195   0.509215       0      0      0   0.997425     0.3680  29637.1941   29630.0  117.5559
--------------------------------------------------------------------------------------------------------------------------------------------------------------------------
2026-08-10T18:33:37  29649.436  12.0012   5.3083   116   SPLINE_1e-3   0.449273   0.309945       0      0      0   0.998196     0.3799  29645.8228   29580.0  117.0216
2026-08-10T18:33:37  29649.436  12.0012   5.3083   116   SPLINE_2e-3   0.490185   0.354867       0      0      0   0.998196     0.3716  29647.8441   29600.0  116.7782
2026-08-10T18:33:37  29649.436  12.0012   5.3083   116   SPLINE_3e-3   0.518939   0.387713       0      0      0   0.998156     0.3514  29648.8746   29615.0  116.6103
2026-08-10T18:33:37  29649.436  12.0012   5.3083   116   SPLINE_4e-3   0.541434   0.414005       0      0      0   0.998102     0.3325  29649.5139   29630.0  116.4901
2026-08-10T18:33:37  29649.436  12.0012   5.3083   116   SPLINE_5e-3   0.559976   0.436080       0      0      0   0.998049     0.3165  29649.9536   29635.0  116.4062
2026-08-10T18:33:37  29649.436  12.0012   5.3083   116   SPLINE_7e-3   0.589448   0.471743       0      0      0   0.997955     0.2920  29650.5249   29640.0  116.3183
2026-08-10T18:33:37  29649.436  12.0012   5.3083   116   SPLINE_1e-2   0.622236   0.511246       0      0      0   0.997854     0.2670  29651.0112   29645.0  116.3174
--------------------------------------------------------------------------------------------------------------------------------------------------------------------------
2026-08-10T19:15:32  29679.273  11.9994   5.3122   118   SPLINE_1e-3   0.584366   0.407871       3      0      0   0.998359     0.1401  29681.1026   29680.0  111.9942
2026-08-10T19:15:32  29679.273  11.9994   5.3122   118   SPLINE_2e-3   0.613283   0.454138       0      0      0   0.998644     0.0934  29681.0185   29680.0  111.9026
2026-08-10T19:15:32  29679.273  11.9994   5.3122   118   SPLINE_3e-3   0.636567   0.486472       0      0      0   0.998711     0.0784  29681.0126   29680.0  111.7501
2026-08-10T19:15:32  29679.273  11.9994   5.3122   118   SPLINE_4e-3   0.656365   0.511300       0      0      0   0.998708     0.0727  29681.0269   29680.0  111.6087
2026-08-10T19:15:32  29679.273  11.9994   5.3122   118   SPLINE_5e-3   0.673597   0.531485       0      0      0   0.998681     0.0703  29681.0476   29680.0  111.4922
2026-08-10T19:15:32  29679.273  11.9994   5.3122   118   SPLINE_7e-3   0.702386   0.563245       0      0      0   0.998609     0.0689  29681.0921   29680.0  111.3338
2026-08-10T19:15:32  29679.273  11.9994   5.3122   118   SPLINE_1e-2   0.735898   0.597953       0      0      0   0.998512     0.0685  29681.1525   29680.0  111.2398
--------------------------------------------------------------------------------------------------------------------------------------------------------------------------
2026-08-10T19:29:33  29676.021  11.9987   5.3075   118   SPLINE_1e-3   0.584164   0.416073       0      0      0   0.999184     0.0748  29677.2835   29675.0  111.5981
2026-08-10T19:29:33  29676.021  11.9987   5.3075   118   SPLINE_2e-3   0.605930   0.453255       0      0      0   0.999260     0.0726  29677.1882   29675.0  111.3348
2026-08-10T19:29:33  29676.021  11.9987   5.3075   118   SPLINE_3e-3   0.624723   0.481667       0      0      0   0.999219     0.0664  29677.2316   29675.0  111.0836
2026-08-10T19:29:33  29676.021  11.9987   5.3075   118   SPLINE_4e-3   0.641636   0.504840       0      0      0   0.999148     0.0626  29677.2956   29675.0  110.8732
2026-08-10T19:29:33  29676.021  11.9987   5.3075   118   SPLINE_5e-3   0.656929   0.525088       0      0      0   0.999074     0.0605  29677.3587   29675.0  110.7043
2026-08-10T19:29:33  29676.021  11.9987   5.3075   118   SPLINE_7e-3   0.683334   0.556880       0      0      0   0.998941     0.0592  29677.4682   29675.0  110.4707
2026-08-10T19:29:33  29676.021  11.9987   5.3075   118   SPLINE_1e-2   0.714860   0.591462       0      0      0   0.998792     0.0598  29677.5939   29675.0  110.3040
--------------------------------------------------------------------------------------------------------------------------------------------------------------------------

=============================================================================================================================
AGGREGATE TEMPORAL RESULTS
=============================================================================================================================
        METHOD     CV RMSE      CV MAE     MAX ERR   BAD FOLDS   BAD SNAPS      MONO       NEG    AVG AREA    WINS
-----------------------------------------------------------------------------------------------------------------------------
   SPLINE_1e-3    0.422444    0.253494    1.855693           3           0         0         0    0.996770       9
   SPLINE_2e-3    0.446909    0.278820    1.881024           0           0         0         0    0.996736       1
   SPLINE_3e-3    0.464032    0.297355    1.941894           0           0         0         0    0.996686       0
   SPLINE_4e-3    0.477812    0.312543    2.002451           0           0         0         0    0.996635       0
   SPLINE_5e-3    0.489547    0.325858    2.059279           0           0         0         0    0.996587       0
   SPLINE_7e-3    0.509082    0.349067    2.160596           0           0         0         0    0.996508       0
   SPLINE_1e-2    0.532438    0.377273    2.287613           0           0         0         0    0.996426       0
-----------------------------------------------------------------------------------------------------------------------------

================================================================================
PER-SNAPSHOT WINNER
================================================================================
2026-08-10T15:33:59  SPLINE_1e-3    CV_RMSE=0.083267
2026-08-10T15:49:18  SPLINE_1e-3    CV_RMSE=0.100246
2026-08-10T16:04:15  SPLINE_1e-3    CV_RMSE=0.096668
2026-08-10T17:30:15  SPLINE_1e-3    CV_RMSE=0.426541
2026-08-10T17:45:33  SPLINE_1e-3    CV_RMSE=0.483744
2026-08-10T18:00:30  SPLINE_1e-3    CV_RMSE=0.489998
2026-08-10T18:17:36  SPLINE_1e-3    CV_RMSE=0.465443
2026-08-10T18:33:37  SPLINE_1e-3    CV_RMSE=0.449273
2026-08-10T19:15:32  SPLINE_2e-3    CV_RMSE=0.613283
2026-08-10T19:29:33  SPLINE_1e-3    CV_RMSE=0.584164

================================================================================
DONE
================================================================================

