
==========================================================================================================================================================================
DEALEROS RND TEMPORAL ROBUSTNESS TEST
==========================================================================================================================================================================
Snapshots            : 10
Fit range            : +/- 500.0
Grid step            : 5.0
Cross-validation     : 5 folds
Methods              : POLY4, SPLINE_1e-3, SPLINE_1e-2

==========================================================================================================================================================================
PER-SNAPSHOT RESULTS
==========================================================================================================================================================================
API TIME                  SPOT    T HRS    RATE%   OBS        METHOD    CV RMSE     CV MAE   BAD F   MONO    NEG       AREA   MEAN-FWD      MEDIAN      MODE       STD
--------------------------------------------------------------------------------------------------------------------------------------------------------------------------
2026-08-10T15:33:59  29642.795  11.9996   5.3011   116         POLY4   0.086202   0.058122       0      0      0   0.993487     1.8441  29649.8579   29655.0  140.3339
2026-08-10T15:33:59  29642.795  11.9996   5.3011   116   SPLINE_1e-3   0.083267   0.053855       0      0      0   0.992550     1.5615  29648.8271   29640.0  139.7868
2026-08-10T15:33:59  29642.795  11.9996   5.3011   116   SPLINE_1e-2   0.142675   0.106136       0      0      0   0.992052     1.5690  29649.5185   29655.0  140.3263
--------------------------------------------------------------------------------------------------------------------------------------------------------------------------
2026-08-10T15:49:18  29694.604  12.0005   5.3055   118         POLY4   0.125957   0.094555       0      0      0   0.994817     1.7056  29701.6172   29705.0  132.3985
2026-08-10T15:49:18  29694.604  12.0005   5.3055   118   SPLINE_1e-3   0.100246   0.063288       0      0      0   0.994138     1.2400  29704.3379   29720.0  131.9954
2026-08-10T15:49:18  29694.604  12.0005   5.3055   118   SPLINE_1e-2   0.170110   0.127576       0      0      0   0.993683     1.2462  29702.0682   29710.0  132.5827
--------------------------------------------------------------------------------------------------------------------------------------------------------------------------
2026-08-10T16:04:15  29739.797  11.9993   5.3020   117         POLY4   0.109622   0.082346       0      0      0   0.995700     1.2716  29745.6670   29750.0  126.0557
2026-08-10T16:04:15  29739.797  11.9993   5.3020   117   SPLINE_1e-3   0.096668   0.068580       0      0      0   0.995507     0.9908  29747.2046   29760.0  125.8938
2026-08-10T16:04:15  29739.797  11.9993   5.3020   117   SPLINE_1e-2   0.158446   0.106939       0      0      0   0.994987     0.8979  29745.7985   29750.0  126.5302
--------------------------------------------------------------------------------------------------------------------------------------------------------------------------
2026-08-10T17:30:15  29676.979  11.9991   5.3030   118         POLY4   0.474020   0.289022       5      5      0   0.999650         NA          NA        NA        NA
2026-08-10T17:30:15  29676.979  11.9991   5.3030   118   SPLINE_1e-3   0.426541   0.255231       0      0      0   0.997344     0.3298  29678.7258   29650.0  116.5262
2026-08-10T17:30:15  29676.979  11.9991   5.3030   118   SPLINE_1e-2   0.486151   0.338247       0      0      0   0.996995     0.4427  29681.3366   29680.0  116.7361
--------------------------------------------------------------------------------------------------------------------------------------------------------------------------
2026-08-10T17:45:33  29649.488  12.0007   5.3091   116         POLY4   0.563745   0.394225       5      5      0   1.000365         NA          NA        NA        NA
2026-08-10T17:45:33  29649.488  12.0007   5.3091   116   SPLINE_1e-3   0.483744   0.312945       0      0      0   0.997118     0.6416  29645.7171   29615.0  118.0744
2026-08-10T17:45:33  29649.488  12.0007   5.3091   116   SPLINE_1e-2   0.575817   0.425507       0      0      0   0.996846     0.5647  29652.3128   29645.0  118.2185
--------------------------------------------------------------------------------------------------------------------------------------------------------------------------
2026-08-10T18:00:30  29649.400  12.0011   5.2928   116         POLY4   0.606142   0.440510       5      6      0   1.000938         NA          NA        NA        NA
2026-08-10T18:00:30  29649.400  12.0011   5.2928   116   SPLINE_1e-3   0.489998   0.325535       0      0      0   0.997490     0.5728  29641.9370   29615.0  117.1874
2026-08-10T18:00:30  29649.400  12.0011   5.2928   116   SPLINE_1e-2   0.609769   0.459411       0      0      0   0.997115     0.4892  29650.8823   29640.0  117.1868
--------------------------------------------------------------------------------------------------------------------------------------------------------------------------
2026-08-10T18:17:36  29635.559  12.0003   5.3000   115         POLY4   0.613808   0.494167       5     10      0   1.003117         NA          NA        NA        NA
2026-08-10T18:17:36  29635.559  12.0003   5.3000   115   SPLINE_1e-3   0.465443   0.321579       0      0      0   0.997817     0.6066  29630.7568   29575.0  118.0593
2026-08-10T18:17:36  29635.559  12.0003   5.3000   115   SPLINE_1e-2   0.617195   0.509215       0      0      0   0.997425     0.3680  29637.1941   29630.0  117.5559
--------------------------------------------------------------------------------------------------------------------------------------------------------------------------
2026-08-10T18:33:37  29649.436  12.0012   5.3083   116         POLY4   0.610610   0.498130       5     13      0   1.003990         NA          NA        NA        NA
2026-08-10T18:33:37  29649.436  12.0012   5.3083   116   SPLINE_1e-3   0.449273   0.309945       0      0      0   0.998196     0.3799  29645.8228   29580.0  117.0216
2026-08-10T18:33:37  29649.436  12.0012   5.3083   116   SPLINE_1e-2   0.622236   0.511246       0      0      0   0.997854     0.2670  29651.0112   29645.0  116.3174
--------------------------------------------------------------------------------------------------------------------------------------------------------------------------
2026-08-10T19:15:32  29679.273  11.9994   5.3122   118         POLY4   0.727057   0.582828       5     14      0   1.004489         NA          NA        NA        NA
2026-08-10T19:15:32  29679.273  11.9994   5.3122   118   SPLINE_1e-3   0.584366   0.407871       3      0      0   0.998359     0.1401  29681.1026   29680.0  111.9942
2026-08-10T19:15:32  29679.273  11.9994   5.3122   118   SPLINE_1e-2   0.735898   0.597953       0      0      0   0.998512     0.0685  29681.1525   29680.0  111.2398
--------------------------------------------------------------------------------------------------------------------------------------------------------------------------
2026-08-10T19:29:33  29676.021  11.9987   5.3075   118         POLY4   0.720668   0.562780       5     16      0   1.006286         NA          NA        NA        NA
2026-08-10T19:29:33  29676.021  11.9987   5.3075   118   SPLINE_1e-3   0.584164   0.416073       0      0      0   0.999184     0.0748  29677.2835   29675.0  111.5981
2026-08-10T19:29:33  29676.021  11.9987   5.3075   118   SPLINE_1e-2   0.714860   0.591462       0      0      0   0.998792     0.0598  29677.5939   29675.0  110.3040
--------------------------------------------------------------------------------------------------------------------------------------------------------------------------

=============================================================================================================================
AGGREGATE TEMPORAL RESULTS
=============================================================================================================================
        METHOD     CV RMSE      CV MAE     MAX ERR   BAD FOLDS   BAD SNAPS      MONO       NEG    AVG AREA    WINS
-----------------------------------------------------------------------------------------------------------------------------
         POLY4    0.523733    0.349537    2.204890          35           7        69         0    1.000284       0
   SPLINE_1e-3    0.422444    0.253494    1.855693           3           0         0         0    0.996770       9
   SPLINE_1e-2    0.532438    0.377273    2.287613           0           0         0         0    0.996426       1
-----------------------------------------------------------------------------------------------------------------------------

================================================================================
PER-SNAPSHOT WINNER
================================================================================
2026-08-10T15:33:59  SPLINE_1e-3    CV_RMSE=0.083267
2026-08-10T15:49:18  SPLINE_1e-3    CV_RMSE=0.100246
2026-08-10T16:04:15  SPLINE_1e-3    CV_RMSE=0.096668
2026-08-10T17:30:15  SPLINE_1e-3    CV_RMSE=0.426541
2026-08-10T17:45:33  SPLINE_1e-3    CV_RMSE=0.483744
2026-08-10T18:00:30  SPLINE_1e-3    CV_RMSE=0.489998
2026-08-10T18:17:36  SPLINE_1e-3    CV_RMSE=0.465443
2026-08-10T18:33:37  SPLINE_1e-3    CV_RMSE=0.449273
2026-08-10T19:15:32  SPLINE_1e-2    CV_RMSE=0.735898
2026-08-10T19:29:33  SPLINE_1e-3    CV_RMSE=0.584164

================================================================================
DONE
================================================================================

