
==========================================================================================================================================================================
DEALEROS RND TEMPORAL ROBUSTNESS TEST
==========================================================================================================================================================================
Snapshots            : 10
Fit range            : +/- 1000.0
Grid step            : 5.0
Cross-validation     : 5 folds
Methods              : POLY4, SPLINE_1e-3, SPLINE_1e-2

==========================================================================================================================================================================
PER-SNAPSHOT RESULTS
==========================================================================================================================================================================
API TIME                  SPOT    T HRS    RATE%   OBS        METHOD    CV RMSE     CV MAE   BAD F   MONO    NEG       AREA   MEAN-FWD      MEDIAN      MODE       STD
--------------------------------------------------------------------------------------------------------------------------------------------------------------------------
2026-08-10T15:33:59  29642.795  11.9996   5.3011   216         POLY4   0.675966   0.348262       5     66     23   1.001249         NA          NA        NA        NA
2026-08-10T15:33:59  29642.795  11.9996   5.3011   216   SPLINE_1e-3   0.662009   0.266959       5     79     36   1.000783         NA          NA        NA        NA
2026-08-10T15:33:59  29642.795  11.9996   5.3011   216   SPLINE_1e-2   0.649538   0.274321       5     70     19   1.000640         NA          NA        NA        NA
--------------------------------------------------------------------------------------------------------------------------------------------------------------------------
2026-08-10T15:49:18  29694.604  12.0005   5.3055   212         POLY4   0.739935   0.453389       5     73     49   1.000565         NA          NA        NA        NA
2026-08-10T15:49:18  29694.604  12.0005   5.3055   212   SPLINE_1e-3   0.716272   0.319455       5     64     44   1.000867         NA          NA        NA        NA
2026-08-10T15:49:18  29694.604  12.0005   5.3055   212   SPLINE_1e-2   0.703169   0.328700       5     72     14   1.000737         NA          NA        NA        NA
--------------------------------------------------------------------------------------------------------------------------------------------------------------------------
2026-08-10T16:04:15  29739.797  11.9993   5.3020   209         POLY4   0.692950   0.427954       5     76     72   0.999996         NA          NA        NA        NA
2026-08-10T16:04:15  29739.797  11.9993   5.3020   209   SPLINE_1e-3   0.635940   0.276909       5     52     61   1.000449         NA          NA        NA        NA
2026-08-10T16:04:15  29739.797  11.9993   5.3020   209   SPLINE_1e-2   0.627511   0.292188       5     84     55   1.000469         NA          NA        NA        NA
--------------------------------------------------------------------------------------------------------------------------------------------------------------------------
2026-08-10T17:30:15  29676.979  11.9991   5.3030   214         POLY4   1.310760   0.858745       5     86      0   1.005428         NA          NA        NA        NA
2026-08-10T17:30:15  29676.979  11.9991   5.3030   214   SPLINE_1e-3   1.317558   0.746401       5     92     50   1.008122         NA          NA        NA        NA
2026-08-10T17:30:15  29676.979  11.9991   5.3030   214   SPLINE_1e-2   1.291316   0.767023       5     92     19   1.005186         NA          NA        NA        NA
--------------------------------------------------------------------------------------------------------------------------------------------------------------------------
2026-08-10T17:45:33  29649.488  12.0007   5.3091   216         POLY4   1.376542   0.906874       5     85      0   1.008265         NA          NA        NA        NA
2026-08-10T17:45:33  29649.488  12.0007   5.3091   216   SPLINE_1e-3   1.327846   0.772020       5     91     35   1.012369         NA          NA        NA        NA
2026-08-10T17:45:33  29649.488  12.0007   5.3091   216   SPLINE_1e-2   1.347170   0.829800       5     93      3   1.007211         NA          NA        NA        NA
--------------------------------------------------------------------------------------------------------------------------------------------------------------------------
2026-08-10T18:00:30  29649.400  12.0011   5.2928   216         POLY4   1.442356   0.947297       5     85      0   1.007806         NA          NA        NA        NA
2026-08-10T18:00:30  29649.400  12.0011   5.2928   216   SPLINE_1e-3   1.411411   0.850550       5     89     36   1.011178         NA          NA        NA        NA
2026-08-10T18:00:30  29649.400  12.0011   5.2928   216   SPLINE_1e-2   1.427610   0.905463       5     93      0   1.006696         NA          NA        NA        NA
--------------------------------------------------------------------------------------------------------------------------------------------------------------------------
2026-08-10T18:17:36  29635.559  12.0003   5.3000   217         POLY4   1.555379   1.020619       5     83      0   1.006965         NA          NA        NA        NA
2026-08-10T18:17:36  29635.559  12.0003   5.3000   217   SPLINE_1e-3   1.537579   0.929333       5     97     62   1.004287         NA          NA        NA        NA
2026-08-10T18:17:36  29635.559  12.0003   5.3000   217   SPLINE_1e-2   1.538754   0.995790       5     93      5   1.004681         NA          NA        NA        NA
--------------------------------------------------------------------------------------------------------------------------------------------------------------------------
2026-08-10T18:33:37  29649.436  12.0012   5.3083   216         POLY4   1.599316   1.046476       5     86      0   1.008383         NA          NA        NA        NA
2026-08-10T18:33:37  29649.436  12.0012   5.3083   216   SPLINE_1e-3   1.541453   0.905499       5    100     37   1.012681         NA          NA        NA        NA
2026-08-10T18:33:37  29649.436  12.0012   5.3083   216   SPLINE_1e-2   1.574857   0.993136       5     97      0   1.006641         NA          NA        NA        NA
--------------------------------------------------------------------------------------------------------------------------------------------------------------------------
2026-08-10T19:15:32  29679.273  11.9994   5.3122   213         POLY4   1.609087   1.120203       5     88      0   1.004742         NA          NA        NA        NA
2026-08-10T19:15:32  29679.273  11.9994   5.3122   213   SPLINE_1e-3   1.587053   0.983247       5    103     68   1.003797         NA          NA        NA        NA
2026-08-10T19:15:32  29679.273  11.9994   5.3122   213   SPLINE_1e-2   1.591853   1.059176       5    100     16   1.003306         NA          NA        NA        NA
--------------------------------------------------------------------------------------------------------------------------------------------------------------------------
2026-08-10T19:29:33  29676.021  11.9987   5.3075   214         POLY4   1.651373   1.148489       5     89      0   1.006246         NA          NA        NA        NA
2026-08-10T19:29:33  29676.021  11.9987   5.3075   214   SPLINE_1e-3   1.629851   1.014907       5    105     51   1.007490         NA          NA        NA        NA
2026-08-10T19:29:33  29676.021  11.9987   5.3075   214   SPLINE_1e-2   1.624903   1.085766       5    102     15   1.004587         NA          NA        NA        NA
--------------------------------------------------------------------------------------------------------------------------------------------------------------------------

=============================================================================================================================
AGGREGATE TEMPORAL RESULTS
=============================================================================================================================
        METHOD     CV RMSE      CV MAE     MAX ERR   BAD FOLDS   BAD SNAPS      MONO       NEG    AVG AREA    WINS
-----------------------------------------------------------------------------------------------------------------------------
         POLY4    1.323551    0.829201    7.204272          50          10       817       144    1.004965       0
   SPLINE_1e-3    1.296445    0.708060    7.404564          50          10       872       480    1.006202       0
   SPLINE_1e-2    1.300008    0.754811    7.398442          50          10       896       146    1.004015       0
-----------------------------------------------------------------------------------------------------------------------------

================================================================================
PER-SNAPSHOT WINNER
================================================================================
2026-08-10T15:33:59  NO_VALID_WINNER
2026-08-10T15:49:18  NO_VALID_WINNER
2026-08-10T16:04:15  NO_VALID_WINNER
2026-08-10T17:30:15  NO_VALID_WINNER
2026-08-10T17:45:33  NO_VALID_WINNER
2026-08-10T18:00:30  NO_VALID_WINNER
2026-08-10T18:17:36  NO_VALID_WINNER
2026-08-10T18:33:37  NO_VALID_WINNER
2026-08-10T19:15:32  NO_VALID_WINNER
2026-08-10T19:29:33  NO_VALID_WINNER

================================================================================
DONE
================================================================================

